-0.0034488391802379725
-0.1934028229098388
0.21524892720170663
-0.43804404167786104
0.43632358435549545
0.2851144610174826
-0.33252816004589836
0.3251168078405082
-0.34791846179602415
-0.29092373852988607
-0.04523366782723193
0.15623062948836808
-0.3594688178803837
0.21719958867060207
0.03246828914401445
-0.31605023627369044
-0.4290789133571382
0.15999393235668724
-0.2199427218451504
0.2273423962722333
0.1981480133712632
-0.04804446920813077
-0.029771044906779787
-0.1664957095223667
0.15993684369056815
-0.275372602664127
-0.39620198122160943
-0.47431164084090377
-0.22693429643814927
0.300049852326597
-0.3844232890525434
0.08447544786347694
-0.22258942470391346
-0.2270217205618904
-0.2354053549495173
-0.0794998353248495
-0.04003093680576236
0.084932784203403
-0.31085107102090753
0.040023647924328776
0.3971084195791962
-0.4763633611797987
0.23510936957010098
-0.271098687772101
-0.15636781593861732
0.4635891113500765
0.33124991062421083
0.22813968651106908
-0.33888458365891516
-0.2538523015166232
0.2810118842231114
0.3208113854121909
0.41636624600619176
-0.08311674449333267
0.09289634411113257
-0.23819428927975295
-0.026787909027009393
0.2950358693593067
-0.3284556765347444
-0.3498518510962695
-0.1354682919562457
0.3006715175191075
0.06816348467083166
0.42358869117664333
0.07654519527006864
-0.30066156830854096
0.4713204982610055
-0.22604836997569822
-0.0002741473478245493
0.4283015766408953
0.4167754016659103
-0.09177326112940765
0.45431063573236297
-0.1426260110334509
0.2168848451235047
0.1135399190387183
-0.3865896642309283
-0.3072513747899396
-0.31061228656445594
0.2565414383520406
-0.15056493333326249
-0.28333577009699773
0.41311998554151075
0.18045358137465972
-0.06925775570874498
-0.40331350726033266
0.48862869653162355
-0.319351777114346
0.28131400907843174
-0.3918262369848795
-0.25170432749424515
-0.007493598368104648
0.45200327120707406
-0.3346004210118192
0.2792227888736236
0.48442213893663844
0.1246124100063567
0.4936314934884847
0.4018626552518818
0.2949116779759129
